(8.218704279882168, 241.75, 12.64416043058795)
(59.346433466315894, 517.65, 91.30220533279369)
(7.765848006887131, 255.05, 11.947458472134047)
(60.32095865206106, 483.65, 92.80147484932469)
(47.43755776176804, 373.8, 72.98085809502777)
(54.14204036444296, 489.85, 83.29544671452764)
(25.0897962652197, 328.9, 38.59968656187645)
(43.51389990286299, 487.95, 66.94446138901999)
(39.93271083549671, 437.40000000000003, 61.434939746918005)
(28.037900823059587, 459.0, 43.135232035476285)
(26.24796303170063, 326.7, 40.38148158723174)
(8.90820560255587, 246.10000000000002, 13.704931696239802)
(30.283079532911625, 338.95000000000005, 46.589353127556365)
(30.499826520397978, 363.7, 46.922810031381516)
(38.3798193864359, 460.65000000000003, 59.045875979132155)
(16.10679429645733, 331.99999999999994, 24.77968353301128)
(46.84988921799203, 455.59999999999997, 72.07675264306468)
(32.79137688419431, 334.15, 50.448272129529705)
(51.61845113151545, 389.8, 79.41300174079302)
(54.681130008849706, 465.70000000000005, 84.12481539823031)
(38.63198077824956, 414.45, 59.43381658192241)
(25.685602635641285, 331.0, 39.51631174714043)
(42.09883302203962, 336.05, 64.76743541852251)
(44.29428230565153, 366.70000000000005, 68.14504970100236)
(13.006097451473684, 291.75, 20.0093806945749)
(58.408811066315884, 516.1999999999999, 89.85970933279368)
(35.84254336505032, 308.8, 55.14237440776972)
(43.10306411000328, 485.4, 66.31240632308196)
(18.45692576359603, 266.0, 28.39527040553235)
(39.05755683093209, 346.5, 60.08854897066476)
(8.451880682091389, 295.05000000000007, 13.002893357063675)
(45.42377007181138, 427.0, 69.88272318740214)
(48.8861600294853, 446.9, 75.20947696843892)
(15.086706565981538, 379.2, 23.21031779381775)
(56.055481836653975, 399.4, 86.23920282562149)
(59.83500584654235, 441.65, 92.0538551485267)
(54.86785066649815, 437.69999999999993, 84.41207794845869)
(55.76917803097713, 385.5, 85.79873543227251)
(39.59344523277935, 321.25, 60.9129926658144)
(36.12025381520059, 399.9999999999999, 55.56962125415477)
(27.177891043139702, 412.65, 41.81214006636877)
(50.89704652895875, 418.4, 78.3031485060904)
(49.504186801294324, 417.75, 76.16028738660665)
(56.93492621046419, 510.3, 87.5921941699449)
(44.712250101474446, 380.15, 68.78807707919145)
(46.06510140814283, 481.0, 70.8693867817582)
(35.51695705801728, 463.5, 54.64147239694968)
(15.811648295608926, 344.4, 24.325612762475274)
(21.42140448205263, 324.9, 32.956006895465585)
(57.63113376729387, 426.3, 88.66328271891366)
(21.601835398560365, 289.95000000000005, 33.2335929208621)
(33.211196577972565, 401.05000000000007, 51.09414858149624)
(29.10697459129884, 382.2, 44.77996090969053)
(17.58459824582702, 302.9, 27.053228070503113)
(12.67366070450779, 298.55, 19.4979395453966)
(10.729718197027537, 271.65, 16.507258764657752)
(46.17183092912444, 425.45, 71.03358604480684)
(8.90544923862579, 244.05, 13.70069113634737)
(28.500368714707434, 415.75, 43.84672109954991)
(29.907685283903856, 321.29999999999995, 46.011823513698246)
(17.331825415044857, 283.6, 26.664346792376698)
(30.926443671791226, 431.8, 47.57914411044804)
(46.44935823322952, 492.2, 71.46055112804542)
(13.271768156726441, 377.70000000000005, 20.418104856502218)
(20.87243423502357, 382.79999999999995, 32.11143728465164)
(26.616084810444267, 386.95000000000005, 40.947822785298875)
(53.86191419991424, 505.29999999999995, 82.86448338448346)
(34.44497272571274, 483.1, 52.992265731865736)
(18.773601658234934, 312.1, 28.882464089592197)
(41.300570953790434, 419.2, 63.539339928908355)
(25.80505092054518, 312.79999999999995, 39.70007833930029)
(50.35779474790065, 352.8, 77.47353038138564)
(37.91254040349352, 401.1, 58.326985236143884)
(31.868556297165437, 376.24999999999994, 49.02854814948528)
(40.39133159245118, 394.65, 62.14051014223259)
(53.073675492874294, 494.3, 81.65180845057581)
(36.628155867515694, 321.8, 56.35100902694721)
(56.685818449465515, 470.1, 87.2089514607162)
(50.16366097403383, 450.85, 77.17486303697513)
(9.40883497568002, 286.90000000000003, 14.475130731815419)
(28.746024014592304, 423.65000000000003, 44.224652330142014)
(16.482286181435914, 267.6, 25.357363356055256)
(8.062528913936022, 250.95, 12.40389063682465)
(14.353973356606737, 250.79999999999998, 22.08303593324114)
(27.6055127403737, 435.7, 42.47001960057493)
(31.75859625574827, 464.0, 48.85937885499734)
(45.14035514750968, 472.75, 69.44670022693796)
(50.58067261977157, 472.85, 77.81641941503321)
(34.016411328911055, 322.65, 52.332940506017025)
(14.1040790101999, 274.25, 21.698583092615227)
(53.49099970511353, 502.35, 82.29384570017467)
(12.502952041747124, 309.5, 19.235310833457117)
(10.4802803025824, 326.94999999999993, 16.12350815781908)
(51.8550449018566, 430.94999999999993, 79.77699215670248)
(32.10369582503064, 432.15, 49.39030126927792)
(20.39017637103083, 345.9, 31.369502109278198)
(51.12155990509828, 482.9, 78.64855370015121)
(47.74379139646268, 428.84999999999997, 73.45198676378874)
(37.337190888914826, 494.00000000000006, 57.44183213679203)
(31.326405948401874, 333.09999999999997, 48.194470689849034)
(55.527083722193375, 485.4, 85.42628264952826)
(58.09764269201793, 429.85, 89.38098875695069)
(19.392090998526168, 299.40000000000003, 29.833986151578717)
(19.192775837515388, 292.7, 29.52734744233136)
(39.3475706912201, 379.55, 60.53472414033861)
(37.05954617711351, 407.54999999999995, 57.01468642632848)
(8.735002009526383, 276.40000000000003, 13.438464630040588)
(43.568106642201805, 393.8, 67.02785637261816)
(47.8086185921064, 475.75, 73.55172091093294)
(34.12855009347339, 414.15000000000003, 52.505461682266755)
(48.07405552780885, 365.34999999999997, 73.96008542739827)
(22.57047975660376, 326.45000000000005, 34.72381501015964)
(27.53316049873451, 445.94999999999993, 42.358708459591554)
(53.65267672619318, 505.5, 82.54257957875875)
(42.43783127408017, 452.55, 65.28897119089258)
(14.726854140947522, 317.7, 22.656698678380806)
(41.649993469812124, 426.29999999999995, 64.0769130304802)
(52.70598458724595, 427.45000000000005, 81.08613013422455)
(36.3770080876648, 474.04999999999995, 55.96462782717661)
(22.755639997357925, 431.2, 35.00867691901219)
(11.724464770210433, 279.25, 18.037638108016058)
(10.205067539230392, 329.65, 15.700103906508303)
(23.93797724038981, 306.90000000000003, 36.827657292907396)
(52.95457574187358, 501.35, 81.4685780644209)
(49.92595366668332, 410.5, 76.80915948720511)
(52.00499664011661, 396.9, 80.00768713864095)
(23.15135186602005, 439.95, 35.6174644092616)
(21.956809606180332, 381.05000000000007, 33.77970708643128)
(11.4980580450597, 282.35, 17.68932006932262)
(15.304204059760028, 260.25, 23.544929322707738)
(56.354157957409605, 470.25000000000006, 86.69870454986093)
(56.459044256420896, 455.40000000000003, 86.86006808680139)
(57.158844101663675, 439.5, 87.93668323332874)
(23.094945244908825, 433.95, 35.53068499216742)
(24.42256623630901, 405.30000000000007, 37.57317882509078)
(20.128712171008928, 332.1, 30.96724949385988)
(26.880894122607792, 406.15, 41.35522172708891)
(11.885517490315033, 301.09999999999997, 18.285411523561585)
(18.913539704474307, 281.20000000000005, 29.097753391498944)
(57.36865599822985, 499.45000000000005, 88.25947076650749)
(59.76648646573141, 512.05, 91.9484407165099)
(24.73335779936479, 289.5, 38.05131969133045)
(42.7367440799274, 477.50000000000006, 65.74883704604215)
(50.49463512787312, 375.4, 77.68405404288173)
(23.42603182734578, 360.54999999999995, 36.04004896514737)
(48.56595564899991, 397.6, 74.71685484461524)
(28.446124498734513, 453.94999999999993, 43.76326845959156)
(52.27258502700431, 395.0, 80.41936158000664)
(31.546834629852448, 372.70000000000005, 48.53359173823454)
(11.034089098871526, 284.40000000000003, 16.97552169057158)
(20.572662536140736, 342.1, 31.65025005560114)
(58.577482198739176, 493.45000000000005, 90.11920338267568)
(54.71706753816293, 508.04999999999995, 84.18010390486603)
(13.5454285227017, 383.20000000000005, 20.839120804156458)
(35.19588284253846, 388.0, 54.14751206544379)
(14.481457521040232, 254.0, 22.279165416984974)
(58.74342739982223, 462.8, 90.37450369203421)
(17.950412848176274, 279.2, 27.616019766425037)
(21.230496360664446, 309.15, 32.66230209332991)
(37.563951120656704, 467.29999999999995, 57.79069403177954)
(31.068332403527876, 459.44999999999993, 47.79743446696595)
(57.907326210464184, 513.7, 89.0881941699449)
(40.890390525653835, 361.9, 62.908293116390524)
(23.635732128728037, 448.75, 36.36266481342775)
(40.90896927056007, 396.5, 62.93687580086166)
(40.61021266161633, 331.09999999999997, 62.47725024864051)
(44.94473822643452, 442.80000000000007, 69.14575111759157)
(32.33089986986058, 433.65, 49.739845953631665)
(13.636983391008128, 257.95, 20.979974447704812)
(33.33029174934328, 398.2, 51.27737192206659)
(32.594349044398236, 363.05, 50.1451523759973)
(10.895446282416342, 364.9, 16.7622250498713)
(45.70574718359738, 434.45000000000005, 70.31653412861137)
(14.434264055125201, 251.75, 22.206560084808004)
(28.26013095442154, 445.9, 43.47712454526391)
(18.31092403493431, 272.15, 28.1706523614374)
(29.38242697502736, 361.65000000000003, 45.203733807734395)
(21.051437122308048, 397.1499999999999, 32.386826342012384)
(46.54718849448433, 456.54999999999995, 71.61105922228359)
(24.925201920873345, 441.09999999999997, 38.3464644936513)
(24.008943405325596, 388.79999999999995, 36.93683600819324)
(15.599864968808433, 285.75, 23.999792259705277)
(13.795245760774387, 275.25, 21.22345501657598)
(9.738001709719676, 311.09999999999997, 14.981541091876426)
(22.162901033482918, 413.6499999999999, 34.096770820742954)
(59.631801042795836, 510.8500000000001, 91.74123237353206)
(19.809610321085806, 336.5, 30.476323570901247)
(19.703020609417518, 360.2, 30.31233939910388)
(55.16829847046602, 437.04999999999995, 84.8743053391785)
(13.389879653252263, 356.99999999999994, 20.59981485115733)
(49.19658688606493, 388.20000000000005, 75.68705674779218)
(49.89843526791822, 413.15, 76.76682348910495)
(26.72192774187358, 444.75, 41.11065806442089)
(51.41382878936297, 498.35, 79.0981981374815)
(58.41093625206106, 478.7, 89.8629788493247)
(10.423471225533179, 257.59999999999997, 16.036109577743353)
(49.63052583433903, 448.25, 76.35465512975237)
(27.584542065586987, 357.69999999999993, 42.43775702397998)
(17.085453328851052, 305.8, 26.285312813617008)
(43.890349545539166, 420.95, 67.52361468544488)
