(7.560283798442832, 251.99999999999997, 11.631205843758204)
(57.49744524051759, 408.0, 88.45760806233474)
(14.803192427860646, 243.35000000000002, 22.77414219670868)
(14.803192427860646, 243.35000000000002, 22.77414219670868)
(41.9848989000677, 537.8, 64.59215215395031)
(30.49333494622706, 334.59999999999997, 46.91282299419548)
(29.569350381926068, 431.29999999999995, 45.49130827988627)
(8.341413967016301, 273.04999999999995, 12.832944564640464)
(52.19753506093898, 521.3499999999999, 80.3039000937523)
(39.26859809211075, 402.0, 60.41322783401654)
(23.299238667969707, 416.74999999999994, 35.84498256610725)
(12.768208515660017, 261.15, 19.643397716400028)
(23.964592156921647, 403.6499999999999, 36.86860331834099)
(41.45542502438631, 482.1500000000001, 63.777576960594345)
(27.065105917327966, 323.70000000000005, 41.638624488196875)
(32.55364469030241, 471.35, 50.08253029277294)
(51.1898349809547, 348.94999999999993, 78.75359227839185)
(16.064147104486505, 281.95000000000005, 24.714072468440776)
(26.536610730184606, 363.0, 40.82555496951477)
(24.67447585429761, 426.94999999999993, 37.960732083534786)
(7.817069352275369, 246.6, 12.026260541962108)
(53.01440061358436, 494.9, 81.56061632859132)
(15.690951375982232, 257.55, 24.13992519381882)
(45.52315396868098, 398.7, 70.03562149027844)
(34.365214728520506, 463.54999999999995, 52.869561120800775)
(43.06496162477291, 533.8, 66.25378711503525)
(31.584199283977533, 382.95, 48.59107582150391)
(28.399512818246812, 338.65, 43.691558181918175)
(54.91511137666187, 415.0, 84.48478673332595)
(40.95787025542671, 440.50000000000006, 63.01210808527185)
(13.262947029234098, 271.35, 20.404533891129383)
(44.18844917933167, 310.90000000000003, 67.9822295066641)
(50.72982065565755, 436.70000000000005, 78.04587793178084)
(52.717964978788046, 484.54999999999995, 81.10456150582776)
(39.7561843460908, 494.3, 61.1633605324474)
(28.01988243032853, 395.85, 43.107511431274666)
(18.4201191013606, 284.55, 28.338644771324)
(20.700078343141683, 298.8, 31.846274374064127)
(29.019511428846545, 486.6500000000001, 44.64540219822546)
(42.85098316673437, 537.7, 65.92458948728365)
(41.65145482294439, 524.1, 64.07916126606828)
(54.5846282421635, 518.25, 83.97635114178999)
(55.63505872568062, 513.1, 85.59239803950864)
(36.91958195496589, 318.5, 56.79935685379369)
(42.67924951320495, 531.3, 65.66038386646918)
(48.677602869329114, 459.0, 74.88861979896785)
(38.067575468790444, 451.6000000000001, 58.565500721216075)
(17.050194468156935, 269.6, 26.231068412549128)
(33.2716278334556, 474.75000000000006, 51.18711974377786)
(38.847238877337055, 461.55, 59.76498288821087)
(24.97884327241472, 353.05, 38.4289896498688)
(10.378008984632384, 301.4, 15.966167668665204)
(13.28809816529181, 264.35, 20.44322794660278)
(8.821024144568398, 255.09999999999997, 13.570806376259075)
(16.27197360679937, 302.54999999999995, 25.033805548922107)
(53.34416987003771, 443.2, 82.06795364621186)
(37.849927956343755, 333.49999999999994, 58.23065839437501)
(55.50932192437961, 508.05, 85.39895680673787)
(28.604462625783473, 299.75, 44.00686557812842)
(9.991963671236787, 275.8, 15.372251801902747)
(29.529762950090166, 361.54999999999995, 45.43040453860026)
(46.76305164386357, 335.75000000000006, 71.94315637517474)
(8.999903513407327, 286.65, 13.846005405242044)
(29.06141055094025, 387.44999999999993, 44.70986238606192)
(32.816135751813036, 304.55, 50.486362695096986)
(49.0142611890485, 498.15, 75.40655567545923)
(55.882928911538876, 412.9, 85.97373678698291)
(14.618509379422028, 249.0, 22.49001442988004)
(47.16464309997513, 413.1, 72.56098938457716)
(18.22087706881021, 307.04999999999995, 28.032118567400325)
(11.133971627222403, 307.75, 17.129187118803696)
(20.520387140285607, 389.95, 31.569826369670164)
(27.319839109036177, 410.94999999999993, 42.0305217062095)
(33.54228648594595, 486.55, 51.60351767068608)
(36.62405583475434, 331.05, 56.34470128423744)
(37.627128664691284, 527.85, 57.88789025337122)
(47.788711927675294, 505.4, 73.52109527334662)
(12.723458641505276, 259.65, 19.574551756161963)
(48.3304925024435, 494.40000000000003, 74.35460384991306)
(25.979831957005096, 374.55000000000007, 39.968972241546304)
(32.3102743184969, 368.44999999999993, 49.70811433614909)
(17.426751863938915, 421.7, 26.810387482982946)
(47.124244757879836, 500.59999999999997, 72.49883808904592)
(16.692453411806163, 303.5, 25.680697556624875)
(35.62612086876039, 391.4, 54.80941672116982)
(24.342083019842864, 297.40000000000003, 37.44935849206594)
(47.49726610947887, 423.55, 73.07271709150595)
(20.061046249629864, 362.04999999999995, 30.86314807635364)
(43.236280338626266, 408.1, 66.51735436711732)
(11.910673225829886, 280.15000000000003, 18.324112655122903)
(51.39950037475831, 356.55, 79.07615442270512)
(34.67044216311858, 489.65, 53.33914178941321)
(20.31939867962951, 338.24999999999994, 31.260613353276167)
(54.264180521461405, 440.94999999999993, 83.48335464840216)
(31.808236577258693, 315.8, 48.93574858039799)
(31.26472940529293, 423.65, 48.09958370045066)
(21.583761988599885, 287.7, 33.20578767476905)
(17.953057187201093, 305.59999999999997, 27.62008798030937)
(50.35226358523417, 397.55, 77.46502090036029)
(47.98319192767529, 504.25, 73.82029527334662)
(41.68301503584914, 437.95, 64.1277154397679)
(38.400455452019905, 454.69999999999993, 59.07762377233831)
(38.664036967985695, 373.55000000000007, 59.483133796901086)
(47.61054819198057, 371.05, 73.24699721843167)
(37.16955479577158, 453.5, 57.183930455033185)
(33.039167963623726, 457.7, 50.82948917480575)
(52.0235721459579, 400.0, 80.03626483993523)
(31.97915354431379, 478.84999999999997, 49.198697760482766)
(12.07281647408464, 345.2, 18.57356380628406)
(44.53662266709381, 335.75, 68.5178810262982)
(42.33340689971646, 516.4, 65.1283183072561)
(49.387596655657546, 434.70000000000005, 75.98091793178082)
(45.662216718480074, 448.84999999999997, 70.24956418227706)
(35.30745521356993, 385.04999999999995, 54.31916186703067)
(32.26526621869894, 296.2, 49.63887110569069)
(40.83733327727334, 533.6500000000001, 62.826666580420515)
(51.64502065565755, 433.20000000000005, 79.45387793178084)
(46.16617077274778, 467.85, 71.02487811191969)
(19.269154192875718, 318.40000000000003, 29.644852604424177)
(54.25009599690825, 435.19999999999993, 83.46168614908962)
(36.12957249229635, 317.5, 55.58395768045592)
(40.71232140771268, 497.09999999999997, 62.63434062725028)
(21.28807456481074, 308.04999999999995, 32.75088394586268)
(40.48321078763094, 501.79999999999995, 62.28186275020147)
(21.07093028886912, 415.09999999999997, 32.41681582902941)
(26.326681518401617, 343.24999999999994, 40.502586951387094)
(56.123000426750494, 481.35, 86.34307757961614)
(9.474846961408833, 313.8, 14.576687632936666)
(49.56541215118298, 439.3, 76.25448023258922)
(40.00437089766046, 526.5, 61.54518599640072)
(22.90893485908282, 365.95, 35.24451516781973)
(12.35120484201443, 346.90000000000003, 19.001853603099125)
(17.692548992126717, 271.65, 27.219306141733416)
(25.650721794342914, 327.8, 39.462648914373716)
(51.593408370511675, 359.70000000000005, 79.3744744161718)
(24.0987018192764, 422.5, 37.074925875809846)
(35.93942439535896, 419.59999999999997, 55.29142214670611)
(12.20304991274904, 292.05, 18.77392294269083)
(52.813933618194724, 455.15, 81.25220556645344)
(50.124073174284355, 484.0, 77.11395872966824)
(32.99317538838517, 447.15000000000003, 50.75873136674642)
(25.630512354603745, 425.5, 39.43155746862115)
(56.38536592892538, 515.3, 86.74671681373137)
(44.80203548251764, 330.75000000000006, 68.92620843464255)
(44.42911364712793, 387.45000000000005, 68.35248253404296)
(49.1590945309327, 498.59999999999997, 75.62937620143494)
(15.85278122912014, 267.65, 24.388894198646373)
(45.13804788961106, 490.55, 69.44315059940163)
(15.49383810313849, 265.25, 23.836674004828453)
(26.131151704624443, 420.75, 40.20177185326838)
(55.125906261696066, 500.5, 84.8090865564555)
(37.44727888265453, 451.85, 57.61119828100699)
(14.437873698036327, 254.05, 22.21211338159435)
(12.551218347304745, 287.90000000000003, 19.309566688161144)
(31.04002756230282, 341.70000000000005, 47.75388855738896)
(18.592652916369172, 351.2, 28.604081409798727)
(55.258082551817644, 471.80000000000007, 85.01243469510409)
(33.865737708586835, 384.65, 52.10113493628745)
(18.750998953639208, 295.9, 28.847690697906472)
(57.11475317538503, 513.8, 87.86885103905391)
(10.79808374154123, 297.95000000000005, 16.61243652544805)
(53.97870870549142, 392.25, 83.04416723921757)
(11.340309322221106, 349.70000000000005, 17.44662972649401)
(40.229392766734364, 530.15, 61.89137348728365)
(25.36916035478341, 379.79999999999995, 39.02947746889757)
(15.093630731220225, 268.4, 23.220970355723416)
(35.024021512420944, 329.95000000000005, 53.883110019109154)
(35.27691282980503, 407.05, 54.27217358431543)
(17.078848277405278, 277.25, 26.275151196008117)
(48.00860757198283, 337.90000000000003, 73.85939626458897)
(44.030231761929926, 326.3, 67.73881809527681)
(38.28635637327623, 492.05, 58.90208672811729)
(44.864900489039385, 388.3, 69.02292382929139)
(17.20857538838516, 401.1, 26.474731366746404)
(48.478849070385806, 497.45, 74.58284472367046)
(17.572909367066977, 376.34999999999997, 27.03524518010305)
(19.459386817143653, 388.75, 29.937518180221)
(10.676271237697902, 294.4, 16.425032673381388)
(22.039131846875776, 368.65000000000003, 33.906356687501194)
(13.884587415765163, 375.5, 21.36090371656179)
(56.01418114342263, 445.50000000000006, 86.17566329757328)
(56.83213210020469, 515.4, 87.43404938493032)
(8.638996350885343, 354.35, 13.290763616746682)
(56.89512273066944, 510.59999999999997, 87.53095804718377)
(26.35176534585314, 372.45, 40.54117745515867)
(10.14527653835707, 308.85, 15.60811775131857)
(25.163715617226256, 415.65000000000003, 38.71340864188655)
(36.56337283849736, 392.45, 56.25134282845749)
(27.629233111942906, 362.59999999999997, 42.50651247991217)
(43.700638772053324, 445.1, 67.23175195700514)
(43.501457567261546, 348.1, 66.92531933424854)
(53.38956687333272, 474.9, 82.13779518974266)
(18.869172030328528, 352.70000000000005, 29.029495431274665)
(42.40413824102192, 513.9, 65.23713575541834)
(22.48044668351261, 321.6, 34.5853025900194)
(45.75676889920686, 432.29999999999995, 70.39502907570287)
(19.735776738300626, 360.54999999999995, 30.362733443539433)
(22.368040259687728, 291.2, 34.412369630288815)
(19.582645382430414, 378.5, 30.12714674220064)
(53.804951121220434, 397.00000000000006, 82.77684787880068)
