(8.389218801922297, 243.2, 12.906490464495844)
(7.231276834466097, 255.35000000000002, 11.125041283793998)
(7.231276834466097, 255.35000000000002, 11.125041283793998)
(41.41084839916128, 514.35, 63.708997537171186)
(47.77681133676811, 448.0, 73.50278667195093)
(38.81562437407826, 415.35, 59.71634519088964)
(30.95031817287657, 343.4, 47.6158741121178)
(17.244054639643256, 295.95, 26.529314830220393)
(14.844617834117908, 280.4, 22.837873590950633)
(7.538767081444124, 244.95, 11.59810320222173)
(38.37164751376766, 457.6, 59.03330386733487)
(31.211937156259246, 336.55000000000007, 48.01836485578346)
(27.94614687369112, 329.3, 42.99407211337096)
(19.62611343123412, 362.09999999999997, 30.19402066343711)
(24.077344191444762, 445.95, 37.0420679868381)
(19.35899075597932, 357.54999999999995, 29.78306270150665)
(41.273965254586294, 512.4, 63.49840808397891)
(16.702925338532246, 311.75, 25.69680821312653)
(7.900019211054588, 256.9, 12.153875709314754)
(20.458013537782676, 292.45000000000005, 31.473866981204125)
(14.490771033462822, 423.75, 22.293493897635113)
(10.332958628244242, 299.29999999999995, 15.896859428068062)
(47.17302830926243, 467.2, 72.57388970655757)
(43.26133319496913, 476.25, 66.55589722302943)
(36.92108590716342, 441.95, 56.801670626405276)
(10.69151662682424, 324.65000000000003, 16.448487118191146)
(11.229104815093267, 297.30000000000007, 17.275545869374255)
(7.430352776601522, 273.7, 11.431311964002342)
(46.8457069786178, 461.09999999999997, 72.07031842864278)
(36.168581513438504, 485.5, 55.643971559136155)
(12.262587675167723, 253.1, 18.865519500258035)
(20.67919715086874, 375.15000000000003, 31.814149462874983)
(37.961571794111315, 489.25000000000006, 58.40241814478665)
(17.4915553735681, 284.04999999999995, 26.91008519010478)
(27.357293751837535, 367.35, 42.08814423359621)
(27.659071329321623, 417.55, 42.55241742972558)
(43.8167355741197, 508.5, 67.41036242172262)
(30.621978806407327, 447.6, 47.110736625242055)
(19.54154046245287, 365.09999999999997, 30.063908403773638)
(35.52321990530922, 434.84999999999997, 54.651107546629554)
(36.69421815664412, 491.6500000000001, 56.452643317914045)
(19.891757548960708, 385.65000000000003, 30.602703921478017)
(46.08050540940307, 389.79999999999995, 70.89308524523547)
(25.92172875506221, 349.2, 39.87958270009572)
(9.009734971177012, 254.25000000000003, 13.861130724887714)
(24.84320535105607, 444.55, 38.22031592470165)
(40.79285300295529, 488.04999999999995, 62.75823538916198)
(32.990349596583755, 501.2, 50.754383994744245)
(46.61178473936905, 472.6000000000001, 71.71043806056777)
(31.93134289372362, 360.30000000000007, 49.12514291342095)
(19.10445817012917, 292.4, 29.391474107891035)
(23.56631071729384, 315.70000000000005, 36.25586264199053)
(9.384720588089648, 276.1, 14.438031673984074)
(20.112044984238253, 347.95000000000005, 30.94160766805886)
(26.92693693312591, 350.55, 41.42605682019371)
(22.47598544980419, 346.0, 34.57843915354491)
(24.398953695232407, 443.4, 37.53685183881909)
(24.561079732767098, 351.5, 37.78627651194938)
(26.144372878795735, 318.85, 40.22211212122422)
(27.176512291321263, 354.25, 41.81001890972503)
(42.28765044791293, 478.05, 65.05792376601993)
(44.8488925513546, 472.19999999999993, 68.99829623285324)
(13.486589479343925, 266.3, 20.748599198990654)
(12.779732619640772, 250.15, 19.661127107139656)
(29.436105975244697, 436.34999999999997, 45.286316884991834)
(15.629086402625962, 287.5, 24.04474831173226)
(9.287286215943011, 263.65000000000003, 14.288132639912323)
(36.47122716944075, 437.15, 56.10958026067807)
(40.54748534496536, 394.1, 62.380746684562105)
(39.08213856432631, 393.4, 60.126367022040476)
(29.17888843846132, 430.75, 44.890597597632805)
(30.38163226605324, 304.4, 46.74097271700499)
(44.62979882363185, 456.54999999999995, 68.66122895943361)
(13.261305130287727, 285.90000000000003, 20.40200789275035)
(22.73735007076123, 412.0, 34.980538570401905)
(16.244697738521356, 323.65, 24.991842674648243)
(8.715130869834137, 247.75, 13.407893645898675)
(29.580348781099524, 369.0, 45.50822889399927)
(10.320262765869394, 270.0, 15.877327332106761)
(37.47546919787132, 429.70000000000005, 57.65456799672511)
(16.04099648221484, 358.15000000000003, 24.67845612648437)
(34.09964595677075, 397.05000000000007, 52.460993779647296)
(45.383030310081764, 375.8, 69.82004663089502)
(18.363424862547376, 281.7, 28.251422865457506)
(16.992929306880985, 379.09999999999997, 26.14296816443229)
(25.803898003371877, 431.35, 39.69830462057212)
(24.986739435837713, 327.50000000000006, 38.44113759359647)
(17.747549978155252, 314.3, 27.303923043315777)
(35.16095381199814, 333.19999999999993, 54.09377509538176)
(25.6911373254143, 400.29999999999995, 39.52482665448354)
(28.350440900417993, 368.29999999999995, 43.61606292371998)
(37.74724511821866, 399.5, 58.072684797259484)
(28.08526861148648, 438.54999999999995, 43.20810555613305)
(21.246412597977475, 335.45, 32.68678861227304)
(43.10916238635104, 497.85, 66.32178828669392)
(11.485040326624725, 272.1, 17.669292810191887)
(41.82704864075575, 468.7, 64.3493056011627)
(28.711828223209118, 369.40000000000003, 44.17204342032173)
(39.52305788933513, 383.84999999999997, 60.80470444513096)
(23.84039475500515, 354.5, 36.67753039231562)
(8.599096387504844, 283.79999999999995, 13.229379057699763)
(14.24165835584814, 366.4, 21.910243624381756)
(39.40948141140087, 469.25000000000006, 60.62997140215519)
(12.502212313032267, 260.90000000000003, 19.23417278928041)
(23.682118823631843, 405.65, 36.434028959433604)
(42.60806231626572, 469.75, 65.55086510194727)
(9.73622395524062, 259.65000000000003, 14.978806084985571)
(33.519142206982735, 466.5, 51.56791108766576)
(39.74333515521153, 492.75, 61.14359254647928)
(21.699869003744613, 393.1, 33.38441385191479)
(26.742568839972773, 387.95000000000005, 41.14241359995812)
(43.50967515543002, 499.59999999999997, 66.93796177758465)
(32.242617498289015, 359.3, 49.60402692044466)
(40.959574772523595, 442.0, 63.014730419267075)
(25.446018067134492, 311.24999999999994, 39.14772010328383)
(12.16892900822187, 307.70000000000005, 18.721429243418264)
(21.171001490383382, 359.20000000000005, 32.57077152366674)
(23.068672303155086, 395.54999999999995, 35.49026508177705)
(23.31791777506943, 449.95, 35.87371965395297)
(18.12779150825767, 377.84999999999997, 27.888910012704116)
(44.50475184076887, 444.0, 68.46884898579827)
(25.321756687253096, 352.74999999999994, 38.956548749620154)
(9.491218237297392, 278.1, 14.601874211226757)
(34.84653936427579, 494.80000000000007, 53.610060560424294)
(22.2195431086852, 320.55, 34.1839124749003)
(16.253205220049722, 285.29999999999995, 25.004931107768808)
(31.427422288466524, 410.65, 48.34988044379466)
(26.117653323339816, 328.75, 40.18100511283049)
(11.928214938207871, 333.0, 18.351099904935193)
(9.622072701572328, 258.3, 14.803188771649738)
(30.048265693731594, 326.65, 46.22810106727938)
(35.315401706116674, 421.1, 54.3313872401795)
(45.77024830716343, 448.1, 70.41576662640529)
(38.11048908122754, 381.25, 58.63152166342699)
(35.756971748716715, 388.95, 55.01072576725648)
(16.997306628162246, 412.74999999999994, 26.149702504864997)
(20.93857426469708, 411.0, 32.21319117645706)
(43.9154969854013, 507.25, 67.56230305446356)
(10.785584004928182, 265.20000000000005, 16.593206161427975)
(15.361916887844007, 340.75, 23.633718288990785)
(22.84037293273272, 381.75000000000006, 35.13903528112726)
(30.505146462653347, 450.4, 46.93099455792823)
(31.67854800228236, 456.8, 48.73622769581901)
(31.4638937798185, 370.45, 48.40599043049001)
(13.976964834732657, 355.35, 21.503022822665624)
(46.19289702954101, 488.19999999999993, 71.0659954300631)
(17.923263876538083, 300.05, 27.574252117750905)
(22.99294789215498, 396.7, 35.37376598793073)
(43.361269042327145, 502.25, 66.7096446805033)
(35.413561151043034, 355.90000000000003, 54.48240177083544)
(47.402478245900724, 470.85, 72.92688960907805)
(13.823522717476484, 385.05, 21.266958026886897)
(33.75410515265753, 434.05, 51.929392542550055)
(36.525841927326994, 413.35, 56.193602965118444)
(8.000211995781022, 246.10000000000002, 12.308018455047728)
(37.22708627354892, 461.4, 57.272440420844504)
(26.528733687914198, 407.55, 40.81343644294492)
(21.50066652126865, 326.85, 33.07794849425946)
(10.010478544120879, 267.95, 15.400736221724426)
(23.76164684261251, 301.45000000000005, 36.5563797578654)
(22.337469826738772, 425.6, 34.36533819498273)
(17.916762311786357, 339.90000000000003, 27.564249710440546)
(33.56532218216303, 498.5, 51.638957203327756)
(14.13034255198172, 340.4, 21.738988541510338)
(18.908504220695605, 394.45, 29.09000649337786)
(16.498586939016263, 353.75, 25.38244144464041)
(26.824129270743992, 453.8499999999999, 41.26789118575999)
(44.30860155292712, 448.65, 68.16707931219557)
(11.970915643118563, 292.54999999999995, 18.416793297105478)
(32.82343452601444, 350.95000000000005, 50.497591578483764)
(8.305446029388865, 266.45000000000005, 12.777609275982872)
(42.46159779200898, 481.20000000000005, 65.3255350646292)
(12.931136907209016, 291.9, 19.89405678032157)
(45.55317745723569, 428.69999999999993, 70.08181147267031)
(18.5888854488048, 351.3, 28.598285305853537)
(39.20940682637471, 403.5, 60.32216434826877)
(9.948645758112367, 316.79999999999995, 15.305608858634413)
(21.61458935287091, 326.00000000000006, 33.253214389032166)
(29.264984990039576, 394.0, 45.02305383083011)
(11.907378044905368, 320.95000000000005, 18.319043146008255)
(43.01040097506944, 499.1, 66.16984765395298)
(45.04350458681478, 499.30000000000007, 69.29769936433044)
(11.62852881203814, 316.75, 17.89004432621252)
(26.44541419585307, 408.54999999999995, 40.68525260900472)
(33.2664076324516, 311.7, 51.17908866531015)
(47.640998058289334, 453.75, 73.29384316659899)
(8.191175849701635, 272.8, 12.601808999540976)
(8.886172067904475, 251.49999999999997, 13.671033950622272)
(40.10529232130525, 483.99999999999994, 61.700449725084994)
(29.808419919217805, 308.85, 45.85910756802739)
(42.8106477748761, 445.29999999999995, 65.86253503827092)
(46.69523524153656, 442.84999999999997, 71.83882344851777)
(33.837046991628476, 419.8, 52.056995371736114)
(18.732034682172465, 347.20000000000005, 28.818514895649955)
(42.12732450580402, 438.20000000000005, 64.81126847046772)
(33.25379899792049, 456.69999999999993, 51.159690766031524)
(45.25024850973253, 408.75000000000006, 69.61576693805004)
(11.571590750747122, 297.4, 17.802447308841728)
(45.168024191444765, 503.55, 69.48926798683812)
(16.50571328054703, 313.65, 25.393405046995433)
