(44.318679950711854, 406.9, 68.18258453955669)
(28.444319300779675, 469.44999999999993, 43.76049123196872)
(28.444319300779675, 469.44999999999993, 43.76049123196872)
(12.688997463435804, 248.5, 19.521534559132007)
(8.863892934884722, 250.85, 13.636758361361116)
(17.415958843937368, 297.5, 26.79378283682673)
(41.86974920259515, 376.45000000000005, 64.4149987732233)
(42.53608439938249, 432.54999999999995, 65.44012984520384)
(42.20643874609584, 429.55, 64.93298268630129)
(40.55828656952795, 460.75, 62.397363953119935)
(10.87916634136192, 286.5, 16.737178986710642)
(11.38431187743818, 266.0, 17.51432596528951)
(21.376340277292574, 418.0, 32.88667734968089)
(40.96685264311647, 409.09999999999997, 63.02592714325611)
(18.078385668723527, 349.7, 27.81290102880543)
(22.04667373236103, 326.00000000000006, 33.91795958824774)
(13.3116228585857, 290.54999999999995, 20.47941978243954)
(23.167020155315306, 384.45, 35.64156946971586)
(23.557665742020838, 343.9, 36.242562680032066)
(11.198957840943102, 252.7, 17.229165909143234)
(19.387500966132265, 342.5, 29.826924563280407)
(21.851825705210594, 336.45, 33.61819339263169)
(39.54807158256659, 439.25, 60.843187050102465)
(34.20257843757949, 355.55, 52.61935144242999)
(40.1667707559686, 410.5, 61.79503193225939)
(35.459511900123395, 438.35, 54.55309523095907)
(12.782175613150784, 345.7, 19.664885558693516)
(36.261529476763236, 374.05, 55.786968425789595)
(14.751665571565841, 306.3, 22.694870110101295)
(14.01649627271546, 368.7, 21.56384041956225)
(11.776737632562833, 290.4, 18.11805789625051)
(43.88461914421986, 402.40000000000003, 67.51479868341517)
(27.607170349383566, 423.75, 42.47256976828241)
(25.142675200490135, 371.9, 38.681038769984816)
(9.159429415381814, 258.95, 14.091429869818176)
(27.081906891516585, 319.35, 41.66447214079475)
(43.827231797139085, 442.59999999999997, 67.42651045713706)
(26.59995449258517, 463.75, 40.92300691166949)
(10.525823786336444, 261.75, 16.19357505590222)
(9.532714738367876, 256.65, 14.665714982104431)
(17.267038246904733, 334.15000000000003, 26.564674226007288)
(38.98940961393295, 410.4, 59.983707098358394)
(28.02206335676835, 365.55, 43.11086670272054)
(43.06371074609584, 425.85, 66.2518626863013)
(29.976298214038543, 462.6, 46.11738186775159)
(44.3136374374962, 445.65000000000003, 68.17482682691723)
(33.09857427818556, 448.54999999999995, 50.92088350490088)
(16.356973617334933, 280.1, 25.1645747958999)
(34.95137531145446, 353.45, 53.771346633006864)
(14.498843043445854, 328.5, 22.305912374532088)
(13.61135064587976, 294.6, 20.94053945519963)
(13.61135064587976, 294.6, 20.94053945519963)
(34.71436741797223, 381.04999999999995, 53.40671910457267)
(38.64805769447726, 457.95000000000005, 59.458550299195785)
(41.38116219608779, 440.85, 63.66332645551968)
(41.38116219608779, 440.85, 63.66332645551968)
(16.591763983283652, 310.5, 25.525790743513323)
(32.96187236993203, 427.5, 50.71057287681852)
(15.063354985319549, 270.75, 23.174392285107007)
(10.637536948138678, 268.0, 16.365441458674887)
(22.4347835908531, 299.9, 34.51505167823555)
(31.177470394538904, 465.5, 47.96533906852138)
(15.16855674612592, 358.5, 23.33624114788603)
(16.897873046878775, 307.4, 25.996727764428886)
(28.777464328267914, 431.99999999999994, 44.2730220434891)
(20.191541868038577, 309.3, 31.0639105662132)
(35.322704519368735, 382.95, 54.34262233749036)
(18.803549454053115, 355.84999999999997, 28.928537621620187)
(19.62745834938356, 380.6, 30.196089768282405)
(15.496010695569344, 391.24999999999994, 23.84001645472207)
(30.312750905892614, 335.95000000000005, 46.635001393680945)
(21.161519021730793, 315.45, 32.55618311035507)
(12.600758408747812, 272.95000000000005, 19.385782167304324)
(14.059410887621517, 335.34999999999997, 21.6298629040331)
(31.45500120856422, 443.6, 48.39230955163727)
(38.371745488390616, 464.45, 59.033454597524035)
(15.701877105345638, 301.4, 24.15673400822406)
(38.25114016952794, 459.95, 58.84790795311993)
(12.292366602815227, 316.5, 18.911333235100347)
(19.832688959591003, 302.45000000000005, 30.511829168601544)
(27.209385706752542, 399.9, 41.86059339500393)
(14.42927569217685, 290.9, 22.198885680272074)
(18.224419258139235, 357.25, 28.037568089444978)
(28.27801560059338, 450.34999999999997, 43.504639385528286)
(29.86434568874092, 356.4, 45.94514721344758)
(9.874822690545477, 257.15, 15.192034908531502)
(43.34346330077967, 456.7, 66.68225123196872)
(30.69785496677851, 347.15, 47.22746917965925)
(32.00500884147162, 414.79999999999995, 49.23847514072556)
(18.475756452030293, 353.65, 28.42424069543122)
(36.49818330077967, 452.49999999999994, 56.15105123196872)
(39.78698712218334, 453.75, 61.21074941874361)
(9.922208732715474, 292.45, 15.264936511869964)
(29.596451656639132, 344.55, 45.533002548675604)
(19.07547581403854, 414.55, 29.346885867751592)
(32.7377812934323, 323.65, 50.36581737451123)
(23.85734445688521, 347.9, 36.7036068567465)
(18.40861343239331, 299.55000000000007, 28.320943742143555)
(25.69480659611491, 360.1, 39.530471686330635)
(37.21357781713791, 420.2, 57.251658180212175)
(31.69063812549773, 359.09999999999997, 48.754827885381125)
(34.79809266604916, 431.84999999999997, 53.53552717853717)
(33.32686894403229, 379.59999999999997, 51.272106067742)
(15.928762013525617, 334.25, 24.505787713116337)
(12.126235994284158, 313.2, 18.65574768351409)
(25.363883952854653, 396.45, 39.02135992746869)
(25.914906116533622, 314.6, 39.86908633312865)
(27.49280111234452, 412.9, 42.296617095914634)
(9.367269570917998, 282.34999999999997, 14.411183955258464)
(29.116670071798534, 440.19999999999993, 44.79487703353621)
(32.60795738531955, 311.05, 50.166088285107016)
(31.361325942619047, 363.29999999999995, 48.24819375787546)
(33.636118475041826, 404.8, 51.747874576987414)
(24.401482858205167, 352.15, 37.54074285877717)
(30.99145553709576, 339.9, 47.6791623647627)
(30.91326889294872, 360.15000000000003, 47.55887521992112)
(33.75766328494864, 400.84999999999997, 51.934866592228694)
(18.970959300779672, 412.09999999999997, 29.18609123196872)
(25.557849536714677, 424.0, 39.31976851802258)
(16.865560778640912, 330.2, 25.947016582524483)
