(8.067563459478217, 267.0, 12.411636091504953)
(12.573340529828286, 247.29999999999998, 19.343600815120443)
(47.02412017189494, 438.85, 72.34480026445375)
(47.02412017189494, 438.85, 72.34480026445375)
(40.96758132844088, 456.15000000000003, 63.027048197601346)
(46.147846828228495, 392.79999999999995, 70.99668742804384)
(46.147846828228495, 392.79999999999995, 70.99668742804384)
(44.02778823905276, 420.0, 67.73505882931194)
(27.42137757510704, 353.6, 42.186734730933914)
(42.48537462595793, 435.6000000000001, 65.36211480916604)
(41.8357547781834, 431.90000000000003, 64.36269965874371)
(16.932844047095077, 298.3, 26.0505293032232)
(22.945852991174775, 301.25, 35.301312294115036)
(10.4019971541526, 291.7, 16.003072544850152)
(28.206043165783615, 401.15000000000003, 43.39391256274403)
(17.475048207852574, 334.19999999999993, 26.884689550542433)
(13.75985248324628, 264.25, 21.169003820378897)
(38.971438552253915, 396.5, 59.95605931115988)
(26.276900552917752, 329.24999999999994, 40.426000850642694)
(43.87073141338487, 362.65, 67.49343294366903)
(25.289743549074604, 409.8, 38.907297767807094)
(43.28165150150308, 394.35, 66.5871561561586)
(18.784171404307088, 369.59999999999997, 28.898725237395517)
(40.18108513822394, 397.5, 61.81705405880608)
(24.867471643635657, 342.99999999999994, 38.2576486825164)
(39.500356384407866, 440.15, 60.76977905293519)
(15.755304229567889, 332.35, 24.238929583950597)
(27.051408444913758, 423.75, 41.61755145371346)
(19.73917532149075, 381.25, 30.3679620330627)
(9.3864505178577, 277.15, 14.440693104396459)
(9.247578474104607, 270.75, 14.227043806314782)
(38.389426037997474, 436.84999999999997, 59.06065544307304)
(14.313925413932152, 349.0, 22.021423713741775)
(23.6270239113825, 339.2, 36.34926755597308)
(29.39623402822848, 389.75, 45.22497542804383)
(39.129376903995926, 359.9, 60.19904139076294)
(14.530681616605552, 308.35, 22.354894794777767)
(31.834380146784763, 409.20000000000005, 48.975969456591955)
(37.90804963439538, 379.45, 58.32007636060828)
(20.76739287678676, 370.65000000000003, 31.94983519505657)
(15.205896458530292, 337.34999999999997, 23.393686859277377)
(8.41218986897487, 256.15, 12.941830567653646)
(41.297917615839246, 360.0, 63.535257870521924)
(31.18671197708345, 399.7, 47.97955688782069)
(36.91256380009736, 441.55000000000007, 56.788559692457476)
(29.021828447033563, 331.04999999999995, 44.6489668415901)
(10.757886031672959, 344.54999999999995, 16.550593894881473)
(29.559487186767203, 403.90000000000003, 45.476134133487996)
(19.02049680429537, 315.75, 29.262302775839032)
(30.731988147915153, 361.29999999999995, 47.279981766023305)
(31.390820522016902, 357.15, 48.29357003387216)
(21.16983232450948, 360.3, 32.56897280693766)
(23.272239489240274, 325.5, 35.803445368061965)
(35.22950786755705, 357.7, 54.1992428731647)
(38.10498132844088, 453.20000000000005, 58.62304819760135)
(26.07637111030232, 346.79999999999995, 40.11749401584973)
(40.61336203799748, 447.09999999999997, 62.48209544307304)
(43.41053630230484, 379.0, 66.78544046508439)
(22.29680188876853, 339.6, 34.30277213656698)
(30.389736254783802, 331.5, 46.753440391975076)
(12.206369364749852, 252.24999999999997, 18.779029791922852)
(36.423966408856764, 417.5, 56.036871398241175)
(35.17169667975848, 443.85, 54.11030258424382)
(18.379615648144483, 341.1, 28.276331766376124)
(24.168123643635653, 338.15, 37.181728682516386)
(9.688886804984788, 253.10000000000002, 14.9059796999766)
(20.38169685855145, 319.79999999999995, 31.356456705463764)
(14.06241682024208, 326.6, 21.634487415757047)
(16.4949871060377, 281.6, 25.376903240058006)
(22.55275100632573, 394.15, 34.69654000973189)
(26.586703000783395, 415.5, 40.90262000120522)
(41.16628206188521, 425.2, 63.33274163366956)
(12.806092458427885, 367.15000000000003, 19.70168070527367)
(13.596254274241023, 255.5, 20.917314268063105)
(19.173379535195654, 303.79999999999995, 29.497506977224084)
(10.133237064023984, 312.04999999999995, 15.58959548311382)
(33.85170401304891, 450.75, 52.07954463545987)
(35.97454657189493, 430.1, 55.345456264453745)
(29.96231134784748, 385.4, 46.09586361207304)
(34.18540077009397, 388.65, 52.59292426168303)
(16.273329528923828, 273.40000000000003, 25.03589158295973)
(34.443652364957806, 449.09999999999997, 52.99023440762739)
(21.346700814795025, 321.75, 32.84107817660773)
(37.4881650813561, 355.45, 57.67410012516322)
(18.085624560773187, 332.75, 27.824037785804904)
(11.86361744021478, 247.9, 18.251719138791977)
(25.555407695243122, 375.25, 39.31601183883557)
(11.143855925974535, 283.45, 17.14439373226852)
(37.56545483799747, 436.79999999999995, 57.79300744307304)
(33.24257545855164, 420.69999999999993, 51.14242378238714)
(11.76950658782114, 273.9, 18.10693321203252)
(22.06361823940393, 321.5, 33.94402806062143)
(40.958355025907835, 407.3, 63.01285388601205)
(37.07260767984204, 402.0, 57.034781045910826)
(13.298811371022405, 313.25000000000006, 20.459709801572934)
(20.100766571894937, 384.65000000000003, 30.924256264453746)
(17.60261604321434, 341.55, 27.080947758791293)
(15.918927318385377, 286.75, 24.490657412900582)
(24.736044776690342, 402.15, 38.05545350260052)
(13.117930026543224, 331.05, 20.181430810066495)
(31.912566571894935, 426.6, 49.09625626445375)
(21.72447661853883, 399.95000000000005, 33.42227172082897)
(24.517449394888065, 313.7, 37.7191529152124)
(17.924548384109745, 304.65, 27.57622828324576)
(14.715446867963436, 313.15, 22.63914902763606)
(8.535027772601113, 261.45, 13.130811957847865)
(28.36018471435331, 386.00000000000006, 43.6310534066974)
(35.62372728182161, 368.3, 54.805734279725556)
(34.80517742303997, 411.15000000000003, 53.546426804676884)
(34.71256581941154, 350.8, 53.403947414479305)
(30.652377046675547, 423.25, 47.15750314873161)
(9.91836977509413, 250.5, 15.259030423221741)
(39.806283101632005, 440.2, 61.24043554097233)
(29.87265245744507, 361.04999999999995, 45.95792685760781)
(14.934913775872515, 317.25, 22.976790424419256)
(16.731533404679624, 307.6, 25.74082062258404)
(17.57354978217784, 311.59999999999997, 27.03623043411975)
(26.812665117244297, 305.55, 41.25025402652969)
(19.35156777959824, 377.7, 29.77164273784345)
(34.03455736987629, 405.85, 52.360857492117376)
