(8.14753717588822, 269.2, 12.534672578289568)
(46.76865724148685, 380.15, 71.95178037151824)
(46.76865724148685, 380.15, 71.95178037151824)
(37.27136669605747, 420.90000000000003, 57.34056414778073)
(14.152361300904133, 248.45, 21.77286353985251)
(44.95791413861288, 388.20000000000005, 69.16602175171212)
(44.95791413861288, 388.20000000000005, 69.16602175171212)
(29.38559288748213, 328.75, 45.2086044422802)
(39.664084786732545, 407.15000000000003, 61.02166890266547)
(10.769773140380206, 284.90000000000003, 16.568881754431086)
(42.137696740729254, 387.04999999999995, 64.82722575496808)
(27.353255702507763, 360.0, 42.081931850011955)
(21.627606988933717, 392.0, 33.27324152143649)
(29.97317808830841, 330.75000000000006, 46.11258167432064)
(21.001952006435737, 343.95000000000005, 32.31069539451652)
(41.41057639953478, 402.45, 63.708579076207364)
(28.039398286108803, 331.70000000000005, 43.13753582478277)
(35.235899056672984, 411.25, 54.2090754718046)
(26.137730114426198, 405.55, 40.21189248373262)
(42.544392972003, 389.85, 65.45291226462001)
(8.296525613657431, 253.10000000000002, 12.763885559472975)
(37.561196776190165, 379.75, 57.78645657875411)
(17.983858681101907, 285.65, 27.667474894002922)
(31.262152052819683, 420.54999999999995, 48.095618542799514)
(16.48262587628527, 280.25, 25.357885963515802)
(32.40438776636088, 416.1, 49.852904255939805)
(40.44983089502349, 382.45, 62.230509069266915)
(22.14396751193025, 355.15, 34.06764232604654)
(42.986206611949655, 334.45, 66.13262555684561)
(12.781640626278682, 257.45, 19.664062501967205)
(43.62419231438975, 382.35, 67.1141420221381)
(11.164511391433035, 265.4, 17.17617137143544)
(44.246366367427385, 381.40000000000003, 68.07133287296521)
(44.246366367427385, 381.40000000000003, 68.07133287296521)
(12.563740054952182, 252.14999999999998, 19.32883085377259)
(41.13083228571788, 383.9000000000001, 63.27820351648904)
(20.58380114650042, 362.34999999999997, 31.667386379231417)
(25.114379406949872, 367.95000000000005, 38.637506779922866)
(30.372694796763525, 333.59999999999997, 46.727222764251586)
(30.772950100683456, 304.9, 47.34300015489763)
(38.07711126064244, 362.75, 58.58017117021916)
(15.623652940303531, 278.45, 24.03638913892851)
(19.547729204969567, 303.65, 30.07342954610702)
(14.45610922752846, 261.5, 22.240168042351485)
(34.27138269605747, 414.70000000000005, 52.72520414778073)
(26.57722822262033, 345.74999999999994, 40.88804341941591)
(14.593340920341722, 327.34999999999997, 22.451293723602646)
(18.325110930966336, 320.95000000000005, 28.192478355332828)
(39.32525669205924, 375.35, 60.500394910860365)
(43.21957601934449, 384.25, 66.49165541437614)
(9.12398654458058, 272.04999999999995, 14.036902376277816)
(32.23601906276834, 339.1, 49.59387548118207)
(19.871258541333365, 314.8, 30.571166986666718)
(25.719233421745614, 292.1, 39.56805141807018)
(9.788687784426585, 300.54999999999995, 15.05951966834859)
(35.61753038071435, 396.05, 54.79620058571439)
(40.21050078673255, 403.55, 61.86230890266547)
(10.166477928977711, 309.0, 15.640735275350325)
(10.166477928977711, 309.0, 15.640735275350325)
(16.182096860817985, 310.30000000000007, 24.895533632027675)
(34.61806010470451, 402.05, 53.25855400723772)
(14.879885906290133, 296.4, 22.89213216352329)
(31.37483978578774, 306.2, 48.2689842858273)
(12.014499658806734, 274.95, 18.483845628933434)
(17.535188469591766, 320.45, 26.97721303014119)
(28.27374508262839, 315.55, 43.49806935788984)
(33.87960478673254, 399.0, 52.12246890266547)
(22.718162208531105, 307.4, 34.95101878235555)
(26.91557473310838, 377.1, 41.408576512474426)
(30.228063092439935, 370.20000000000005, 46.5047124499076)
(13.796867415780632, 282.85, 21.225949870431744)
(31.784370494655015, 341.29999999999995, 48.89903153023848)
(31.784370494655015, 341.29999999999995, 48.89903153023848)
(8.499595357701335, 269.95, 13.076300550309746)
(24.45885631661956, 323.85, 37.62900971787624)
(30.9620143422602, 335.95, 47.63386821886185)
(17.195354800861605, 312.25, 26.454392001325555)
(37.16580137673221, 394.3, 57.17815596420343)
(38.70797301344127, 371.1, 59.55072771298658)
(24.246475579056522, 347.15000000000003, 37.30227012162542)
(22.890024505046448, 317.7, 35.21542231545608)
(22.400711738083697, 396.9, 34.46263344320569)
(11.913533405211851, 283.2, 18.328512931095158)
(37.48027956911901, 365.95, 57.661968567875405)
(25.940375053057803, 305.45, 39.90826931239662)
(16.80633357360228, 348.9, 25.855897805541964)
(36.1682930584046, 404.25, 55.64352778216092)
(11.68443082167007, 303.95, 17.97604741795395)
(43.53721913941971, 376.75, 66.98033713756881)
(9.018236153065837, 276.05, 13.874209466255136)
(36.930630396603256, 364.80000000000007, 56.81635445631272)
(26.97676989906794, 368.5, 41.502722921643)
(13.096288266349092, 248.89999999999998, 20.14813579438322)
(40.41779926898296, 408.40000000000003, 62.18122964458917)
(9.351673404808238, 267.9, 14.387189853551138)
(24.7211151903403, 347.70000000000005, 38.03248490821584)
(36.37269737673222, 393.3, 55.95799596420342)
(17.048801746496654, 354.20000000000005, 26.22892576384101)
(23.796848360110737, 318.74999999999994, 36.61053593863191)
(33.033657217304096, 364.20000000000005, 50.82101110354476)
(39.01504172968576, 350.15000000000003, 60.02314112259348)
(23.999075149041587, 339.4, 36.92165407544859)
(12.37098021136917, 260.95, 19.032277248260268)
(23.611361134349856, 362.65, 36.32517097592286)
(33.53426977200301, 389.05, 51.591184264620026)
(34.08096864457308, 369.15000000000003, 52.43225945318936)
(29.054462189595306, 351.95, 44.69917259937739)
(14.294996025983504, 295.0, 21.992301578436155)
(18.746842708572885, 354.15, 28.841296474727518)
(9.70062716210038, 289.8, 14.924041787846734)
(38.55302678337153, 326.1, 59.31234889749465)
(28.531663962542044, 373.15, 43.89486763468006)
(38.452020879314304, 375.0, 59.156955198945106)
(34.99613878258313, 375.55, 53.840213511666356)
(21.766078800381578, 350.90000000000003, 33.486275077510115)
(23.362044666942964, 350.4, 35.94160717991225)
(25.43893196748694, 375.95000000000005, 39.13681841151837)
(11.518259656218206, 288.79999999999995, 17.720399471104937)
(22.767035719974327, 337.75, 35.02620879996051)
(21.90365149419792, 312.0, 33.69792537568911)
